1 0.5421875 0.8796875 0.0578125 0.0671875
1 0.74453125 0.90625 0.0859375 0.0734375
1 0.83203125 0.9 0.05625 0.046875
1 0.7328125 0.503125 0.1078125 0.0703125
1 0.614882628125 0.48876721953124996 0.13257451249999996 0.06363232968749999
1 0.4543206328125 0.48302591484375 0.05126425312499999 0.047874567187499995
1 0.3708209375 0.46562713593749994 0.073201725 0.045563212500000005
1 0.92894120234375 0.52277757265625 0.08848262031249998 0.04686544531249992
1 0.84080169375 0.5022700921875001 0.09946372187499997 0.04128867812500003
1 0.5387897171875 0.49257564453125 0.08144607187500008 0.06674211093749999
