0 0.6712708890625 0.09946236562500002 0.11394086562500005 0.13674614375000002
0 0.6936208296875 0.279453015625 0.11481733125000004 0.10168303124999994
0 0.03938919921875 0.2782842453125 0.0787783984375 0.1320710625
0 0.17220990625 0.09618980859375001 0.18511008125 0.19237961718750002
0 0.16248110937500002 0.33146330156250003 0.07625273437500002 0.15895278124999995
0 0.8597115492187499 0.34841047109375 0.09290562656250001 0.0736325390625
0 0.8772409124999999 0.566970546875 0.11569380000000007 0.12272089687499999
0 0.8658468265625 0.7323515656249999 0.1489995906249999 0.22206638750000007
0 0.742703046875 0.701963534375 0.10429971250000003 0.12856475
0 0.52884481015625 0.7183263203125 0.6056395140624999 0.2594670406249999
0 0.36187762109375 0.80130902265625 0.2366464109375 0.21505376093750006
0 0.11778123203125002 0.8685133242187499 0.22875819531250002 0.2629733515625
0 0.17562813359375 0.613721365625 0.10429971406250002 0.2021972875
0 0.0665597125 0.63943431484375 0.133119425 0.11804581718750007
0 0.80931462890625 0.41093969218750004 0.08677034843749998 0.24777933749999997
