3 0.03359375 0.44609375 0.0421875 0.0640625
3 0.13671875 0.4484375 0.04765625 0.06875
3 0.29375 0.3203125 0.04453125 0.06171875
3 0.3078125 0.171875 0.04296875 0.06171875
3 0.40625 0.1828125 0.04453125 0.06875
3 0.38671875 0.3171875 0.05 0.06171875
3 0.390625 0.44296875 0.04296875 0.06484375
3 0.2484375 0.44140625 0.04296875 0.0546875
3 0.5453125 0.1640625 0.05 0.0609375
3 0.65078125 0.16875 0.04453125 0.0703125
3 0.63515625 0.30859375 0.05390625 0.0671875
3 0.5296875 0.3046875 0.0421875 0.06171875
3 0.64609375 0.440625 0.059375 0.0640625
3 0.87421875 0.43515625 0.04296875 0.0625
3 0.98125 0.43046875 0.03671875 0.0765625
3 0.6609375 0.01328125 0.0484375 0.02578125
3 0.5578125 0.0140625 0.05078125 0.021875
