2 0.66490327375 0.799139493125 0.003997262499999987 0.06929347875000003
2 0.682604093125 0.905570651875 0.010938603749999887 0.033967391250000145
2 0.64484827125 0.90194746375 0.006704304999999966 0.0629528975
2 0.632674665 0.833106884375 0.021524347499999985 0.04483695624999995
2 0.58133380375 0.810009058125 0.02011291500000001 0.05480072375000011
2 0.13921613124999999 0.535261791875 0.013863902499999997 0.09156538124999997
2 0.409333920625 0.34648045 0.039329251250000086 0.040954232500000076
2 0.5134355643749999 0.3031481275 0.017135643749999985 0.026127617499999978
2 0.53667425 0.30362318625 0.020600280000000026 0.02897789500000003
2 0.566984270625 0.13200038 0.012119396249999914 0.06849518999999998
2 0.5293507049999999 0.08993239625 0.029272085000000003 0.03196030999999999
2 0.552442731875 0.066794638125 0.008776511250000008 0.06803777375
