0 0.664451709375 0.32259675390625 0.27800635000000007 0.14981273281250002
0 0.28535213828125006 0.28951310781249995 0.12262232968750003 0.10861423124999997
0 0.1922153296875 0.2239700375 0.11606999062499998 0.15480649375
0 0.8451714374999999 0.09825218515625 0.1917650999999999 0.1965043703125
0 0.8525974218750001 0.3450686632812501 0.0814362031250001 0.1697877640625
0 0.1079709796875 0.3631710375 0.09922112187500001 0.07865168437500003
0 0.08925001328124998 0.59662921328125 0.12355837656249999 0.13108614218750003
0 0.23293343125 0.74082396953125 0.11138975312499999 0.13732833906249997
0 0.46132922265625 0.75830212265625 0.6468093921875 0.27715355781249995
0 0.6396464273437501 0.8469413234375001 0.2527330484375 0.22971285937500008
0 0.89330300703125 0.8891385765625 0.21339398593750003 0.221722846875
0 0.838556696875 0.6465667914062501 0.11138975000000007 0.21598002656249993
0 0.9419775203125 0.674032459375 0.11604495937500003 0.12609238437500014
0 0.161793759375 0.429962546875 0.09266878437500002 0.2646691625
